15
0 1 11
0 2 6
0 3 9
0 4 8
0 6 19
0 7 20
0 9 18
0 10 10
0 12 24
0 13 9
1 0 11
1 5 13
1 6 30
1 7 21
1 8 2
1 10 7
1 11 2
1 12 18
1 13 9
2 0 6
2 3 4
2 4 27
2 8 12
2 9 9
2 10 3
2 12 13
2 13 3
3 0 9
3 2 4
3 6 16
3 7 5
3 9 14
3 10 28
3 12 1
3 14 4
4 0 8
4 2 27
4 5 9
4 7 7
4 8 12
4 9 17
4 11 25
5 1 13
5 4 9
5 9 2
5 10 4
5 13 4
5 14 25
6 0 19
6 1 30
6 3 16
6 7 12
6 8 17
6 10 25
6 11 3
6 13 19
6 14 1
7 0 20
7 1 21
7 3 5
7 4 7
7 6 12
7 9 5
7 10 6
7 11 10
7 13 9
7 14 3
8 1 2
8 2 12
8 4 12
8 6 17
8 9 21
8 10 17
8 11 5
8 12 4
8 13 19
8 14 20
9 0 18
9 2 9
9 3 14
9 4 17
9 5 2
9 7 5
9 8 21
9 10 8
9 11 3
9 12 17
9 13 9
9 14 7
10 0 10
10 1 7
10 2 3
10 3 28
10 5 4
10 6 25
10 7 6
10 8 17
10 9 8
10 11 26
10 12 15
10 13 19
11 1 2
11 4 25
11 6 3
11 7 10
11 8 5
11 9 3
11 10 26
11 12 12
11 14 9
12 0 24
12 1 18
12 2 13
12 3 1
12 8 4
12 9 17
12 10 15
12 11 12
12 13 20
13 0 9
13 1 9
13 2 3
13 5 4
13 6 19
13 7 9
13 8 19
13 9 9
13 10 19
13 12 20
13 14 15
14 3 4
14 5 25
14 6 1
14 7 3
14 8 20
14 9 7
14 11 9
14 13 15